 0.000000e+00  3.000000e+00  0.000000e+00  2.333333e+00  0.000000e+00  2.000000e+00 
 6.000000e-10  3.000000e+00  6.000000e-10 -1.668266e+00  6.000000e-10  1.997601e+00 
 1.200000e-09  3.000000e+00  1.200000e-09 -1.669865e+00  1.200000e-09  1.995202e+00 
 2.400000e-09  3.000000e+00  2.400000e-09 -1.673062e+00  2.400000e-09  1.990406e+00 
 4.800000e-09  3.000000e+00  4.800000e-09 -1.679451e+00  4.800000e-09  1.980824e+00 
 9.600000e-09  3.000000e+00  9.600000e-09 -1.692205e+00  9.600000e-09  1.961693e+00 
 1.920000e-08  3.000000e+00  1.920000e-08 -1.717621e+00  1.920000e-08  1.923568e+00 
 3.840000e-08  3.000000e+00  3.840000e-08 -1.768090e+00  3.840000e-08  1.847865e+00 
 7.680000e-08  3.000000e+00  7.680000e-08 -1.867587e+00  7.680000e-08  1.698619e+00 
 1.536000e-07  3.000000e+00  1.536000e-07 -2.060959e+00  1.536000e-07  1.408561e+00 
 3.072000e-07  3.000000e+00  3.072000e-07 -2.426250e+00  3.072000e-07  8.606244e-01 
 5.472000e-07  3.000000e+00  5.472000e-07 -2.944033e+00  5.472000e-07  8.394993e-02 
 7.872000e-07  3.000000e+00  7.872000e-07 -3.403199e+00  7.872000e-07 -6.047991e-01 
 1.027200e-06  3.000000e+00  1.027200e-06 -3.810384e+00  1.027200e-06 -1.215577e+00 
 1.267200e-06  3.000000e+00  1.267200e-06 -4.171473e+00  1.267200e-06 -1.757209e+00 
 1.507200e-06  3.000000e+00  1.507200e-06 -4.491684e+00  1.507200e-06 -2.237525e+00 
 1.747200e-06  3.000000e+00  1.747200e-06 -4.775644e+00  1.747200e-06 -2.663466e+00 
 1.987200e-06  3.000000e+00  1.987200e-06 -5.027458e+00  1.987200e-06 -3.041187e+00 
 2.227200e-06  3.000000e+00  2.227200e-06 -5.250764e+00  2.227200e-06 -3.376147e+00 
 2.467200e-06  3.000000e+00  2.467200e-06 -5.448791e+00  2.467200e-06 -3.673187e+00 
 2.707200e-06  3.000000e+00  2.707200e-06 -5.624400e+00  2.707200e-06 -3.936600e+00 
 2.947200e-06  3.000000e+00  2.947200e-06 -5.780128e+00  2.947200e-06 -4.170192e+00 
 3.187200e-06  3.000000e+00  3.187200e-06 -5.918227e+00  3.187200e-06 -4.377340e+00 
 3.427200e-06  3.000000e+00  3.427200e-06 -6.040692e+00  3.427200e-06 -4.561037e+00 
 3.667200e-06  3.000000e+00  3.667200e-06 -6.149293e+00  3.667200e-06 -4.723939e+00 
 3.907200e-06  3.000000e+00  3.907200e-06 -6.245599e+00  3.907200e-06 -4.868399e+00 
 4.147200e-06  3.000000e+00  4.147200e-06 -6.331003e+00  4.147200e-06 -4.996504e+00 
 4.387200e-06  3.000000e+00  4.387200e-06 -6.406738e+00  4.387200e-06 -5.110108e+00 
 4.627200e-06  3.000000e+00  4.627200e-06 -6.473900e+00  4.627200e-06 -5.210850e+00 
 4.867200e-06  3.000000e+00  4.867200e-06 -6.533459e+00  4.867200e-06 -5.300188e+00 
 5.107200e-06  3.000000e+00  5.107200e-06 -6.586275e+00  5.107200e-06 -5.379412e+00 
 5.347200e-06  3.000000e+00  5.347200e-06 -6.633111e+00  5.347200e-06 -5.449667e+00 
 5.587200e-06  3.000000e+00  5.587200e-06 -6.674646e+00  5.587200e-06 -5.511969e+00 
 5.827200e-06  3.000000e+00  5.827200e-06 -6.711479e+00  5.827200e-06 -5.567218e+00 
 6.067200e-06  3.000000e+00  6.067200e-06 -6.744141e+00  6.067200e-06 -5.616212e+00 
 6.307200e-06  3.000000e+00  6.307200e-06 -6.773106e+00  6.307200e-06 -5.659660e+00 
 6.547200e-06  3.000000e+00  6.547200e-06 -6.798793e+00  6.547200e-06 -5.698189e+00 
 6.787200e-06  3.000000e+00  6.787200e-06 -6.821571e+00  6.787200e-06 -5.732356e+00 
 7.027200e-06  3.000000e+00  7.027200e-06 -6.841770e+00  7.027200e-06 -5.762655e+00 
 7.267200e-06  3.000000e+00  7.267200e-06 -6.859683e+00  7.267200e-06 -5.789525e+00 
 7.507200e-06  3.000000e+00  7.507200e-06 -6.875568e+00  7.507200e-06 -5.813352e+00 
 7.747200e-06  3.000000e+00  7.747200e-06 -6.889655e+00  7.747200e-06 -5.834482e+00 
 7.987200e-06  3.000000e+00  7.987200e-06 -6.902147e+00  7.987200e-06 -5.853220e+00 
 8.227200e-06  3.000000e+00  8.227200e-06 -6.913224e+00  8.227200e-06 -5.869836e+00 
 8.467200e-06  3.000000e+00  8.467200e-06 -6.923048e+00  8.467200e-06 -5.884572e+00 
 8.707200e-06  3.000000e+00  8.707200e-06 -6.931760e+00  8.707200e-06 -5.897639e+00 
 8.947200e-06  3.000000e+00  8.947200e-06 -6.939485e+00  8.947200e-06 -5.909227e+00 
 9.187200e-06  3.000000e+00  9.187200e-06 -6.946336e+00  9.187200e-06 -5.919503e+00 
 9.427200e-06  3.000000e+00  9.427200e-06 -6.952411e+00  9.427200e-06 -5.928616e+00 
 9.667200e-06  3.000000e+00  9.667200e-06 -6.957798e+00  9.667200e-06 -5.936697e+00 
 9.907200e-06  3.000000e+00  9.907200e-06 -6.962576e+00  9.907200e-06 -5.943864e+00 
 1.014720e-05  3.000000e+00  1.014720e-05 -6.966813e+00  1.014720e-05 -5.950219e+00 
 1.038720e-05  3.000000e+00  1.038720e-05 -6.970570e+00  1.038720e-05 -5.955854e+00 
 1.062720e-05  3.000000e+00  1.062720e-05 -6.973901e+00  1.062720e-05 -5.960852e+00 
 1.086720e-05  3.000000e+00  1.086720e-05 -6.976856e+00  1.086720e-05 -5.965284e+00 
 1.110720e-05  3.000000e+00  1.110720e-05 -6.979476e+00  1.110720e-05 -5.969214e+00 
 1.134720e-05  3.000000e+00  1.134720e-05 -6.981799e+00  1.134720e-05 -5.972699e+00 
 1.158720e-05  3.000000e+00  1.158720e-05 -6.983860e+00  1.158720e-05 -5.975790e+00 
 1.182720e-05  3.000000e+00  1.182720e-05 -6.985687e+00  1.182720e-05 -5.978531e+00 
 1.200000e-05  3.000000e+00  1.200000e-05 -6.986873e+00  1.200000e-05 -5.980309e+00 
